t-statistic: -23.09361283549365
p-value: 2.5451209963293863e-09
