t-statistic: -9.136886062158398
p-value: 3.515795046793224e-08
